tfs_array_one = (
    (0, 7, 6, 0, 0, 0, 0),
    (0, 0, 0, 6, 6, 0, 0),
    (5, 0, 0, 0, 0, 0, 0),
    (0, 6, 0, 0, 0, 4, 0),
    (0, 0, 0, 0, 0, 0, 6),
    (0, 0, 4, 7, 0, 0, 0),
    (0, 0, 0, 0, 7, 7, 0),
)

rc_left_one = [0, 3, 0, 0, 5, 0, 1]
rc_right_one = [4, 0, 4, 0, 0, 2, 0]

cc_top_one = [0, 0, 0, 0, 0, 5, 7]
cc_bottom_one = [7, 2, 0, 0, 0, 0, 0]

tfs_array_two = (
    (0, 0, 4, 0, 0, 0, 0),
    (0, 4, 0, 0, 0, 0, 0),
    (4, 0, 0, 0, 0, 0, 0),
    (0, 0, 0, 0, 0, 0, 0),
    (0, 0, 0, 0, 0, 0, 7),
    (0, 0, 0, 0, 0, 5, 0),
    (0, 0, 0, 0, 7, 0, 0),
)

rc_left_two = [0, 0, 0, 2, 6, 3, 0]
rc_right_two = [0, 4, 3, 5, 0, 0, 0]

cc_top_two = [0, 0, 0, 6, 3, 7, 0]
cc_bottom_two = [0, 3, 6, 7, 0, 0, 0]

tfs_array_three = (
    (0, 0, 0, 0, 0, 0, 0),
    (0, 0, 0, 0, 0, 0, 0),
    (0, 0, 0, 0, 0, 0, 0),
    (0, 0, 0, 0, 0, 0, 0),
    (0, 0, 0, 0, 0, 0, 0),
    (0, 0, 0, 0, 0, 0, 0),
    (0, 0, 0, 0, 0, 0, 0),
)

rc_left_three = [4, 6, 5, 7, 5, 2, 7]
rc_right_three = [3, 6, 3, 3, 7, 6, 7]

cc_top_three = [6, 4, 4, 6, 7, 3, 3]
cc_bottom_three = [2, 6, 7, 7, 2, 4, 7]

tfs_array_four = (
    (0, 0, 0, 7, 0, 0, 0),
    (5, 0, 0, 0, 0, 6, 0),
    (0, 0, 2, 0, 0, 0, 0),
    (5, 0, 0, 0, 0, 0, 7),
    (0, 0, 0, 0, 7, 0, 0),
    (0, 7, 0, 0, 0, 0, 3),
    (0, 0, 0, 6, 0, 0, 0),
)

rc_left_four = [5, 0, 0, 0, 4, 0, 0]
rc_right_four = [0, 0, 7, 0, 0, 0, 4]

cc_top_four = [5, 0, 5, 0, 2, 0, 7]
cc_bottom_four = [4, 0, 6, 0, 4, 0, 3]